294
252
174
7
347
463
357
23
305
398
26
229
91
358
432
247
388
134
51
278
43
265
498
126
214
369
330
276
424
58
261
361
84
481
127
30
381
106
64
19
0
351
441
488
62
335
193
77
490
239
163
24
142
108
25
140
319
46
94
225
89
59
485
304
245
340
368
246
268
98
377
118
176
366
29
290
317
234
133
107
452
207
184
15
47
314
8
211
220
486
292
2
162
243
462
288
468
189
155
257
425
88
307
235
393
451
119
450
493
4
446
205
344
453
311
221
353
160
389
262
50
326
346
92
273
132
242
298
151
113
287
87
152
104
131
341
173
38
36
327
143
455
312
496
310
345
390
280
295
269
135
111
109
249
81
275
150
267
250
182
57
16
483
28
281
136
473
266
494
232
333
444
475
32
373
329
428
40
200
315
53
153
320
438
80
165
95
137
238
313
45
206
9
321
216
209
497
297
378
467
41
55
17
270
219
274
348
74
171
285
331
121
472
271
440
203
464
65
183
448
395
430
48
115
342
148
85
198
187
466
73
349
72
376
181
372
86
360
164
210
484
37
5
300
161
96
178
18
212
426
350
359
233
470
157
337
291
240
458
371
460
31
166
146
363
482
397
6
218
191
382
101
13
355
195
14
3
471
71
139
21
224
306
302
339
399
56
477
168
35
197
202
365
251
169
253
83
12
123
309
63
328
144
283
124
461
241
282
149
223
188
324
110
489
100
82
380
254
334
256
114
52
180
130
383
476
156
199
227
354
367
433
375
93
128
170
469
213
443
79
260
54
226
303
439
480
237
279
120
338
97
20
364
76
352
318
145
447
222
138
192
75
129
102
336
436
423
263
396
167
204
379
159
258
325
230
286
217
34
67
343
231
478
387
208
141
385
264
431
392
194
99
105
196
499
68
449
427
11
301
454
116
429
435
70
22
308
495
293
289
277
190
316
125
69
332
445
42
44
465
179
459
374
457
236
154
434
370
1
391
